185712356.jpg BMW 1 63 78 456 373
2070616132.jpg BMW 1 81 6 360 270 
3456463952.jpg BMW 1 42 39 315 469 
427128537.jpg BMW 1 143 70 363 258 
4698952282.jpg BMW 1 30 21 197 231 
2237130264.jpg BMW 2 67 54 446 447 
3333221097.jpg BMW 2 111 99 370 355 
3726202356.jpg BMW 2 135 124 321 299 
4329940418.jpg BMW 2 199 20 319 104 
4585454903.jpg BMW 2 174 136 306 257 
185712356.jpg BMW 2 63 78 456 373 
2070616132.jpg BMW 2 81 6 360 270 
3456463952.jpg BMW 2 42 39 315 469 
427128537.jpg BMW 2 143 70 363 258 
4698952282.jpg BMW 2 30 21 197 231 
255547402.jpg BMW 3 259 27 390 127 
3343182248.jpg BMW 3 69 11 429 356 
3369741917.jpg BMW 3 41 135 448 400 
3739623921.jpg BMW 3 43 4 438 398 
4253420625.jpg BMW 3 27 32 477 459 
2237130264.jpg BMW 3 67 54 446 447 
3333221097.jpg BMW 3 111 99 370 355 
3726202356.jpg BMW 3 135 124 321 299 
4329940418.jpg BMW 3 199 20 319 104 
4585454903.jpg BMW 3 174 136 306 257 
185712356.jpg BMW 3 63 78 456 373 
2070616132.jpg BMW 3 81 6 360 270 
3456463952.jpg BMW 3 42 39 315 469 
427128537.jpg BMW 3 143 70 363 258 
4698952282.jpg BMW 3 30 21 197 231 
2725772074.jpg BMW 4 80 220 306 369 
2725772074.jpg BMW 4 118 73 272 187 
2725772074.jpg BMW 4 324 3 484 76 
2725772074.jpg BMW 4 324 111 495 241 
2725772074.jpg BMW 4 349 279 490 372 
2874574766.jpg BMW 4 106 20 496 364 
2978106177.jpg BMW 4 44 40 396 336 
3218275786.jpg BMW 4 92 2 304 298 
4559760305.jpg BMW 4 313 15 486 180 
255547402.jpg BMW 4 259 27 390 127 
3343182248.jpg BMW 4 69 11 429 356 
3369741917.jpg BMW 4 41 135 448 400 
3739623921.jpg BMW 4 43 4 438 398 
4253420625.jpg BMW 4 27 32 477 459 
2237130264.jpg BMW 4 67 54 446 447 
3333221097.jpg BMW 4 111 99 370 355 
3726202356.jpg BMW 4 135 124 321 299 
4329940418.jpg BMW 4 199 20 319 104 
4585454903.jpg BMW 4 174 136 306 257 
185712356.jpg BMW 4 63 78 456 373 
2070616132.jpg BMW 4 81 6 360 270 
3456463952.jpg BMW 4 42 39 315 469 
427128537.jpg BMW 4 143 70 363 258 
4698952282.jpg BMW 4 30 21 197 231 
2789662807.jpg BMW 5 33 10 114 74 
2789664089.jpg BMW 5 74 122 226 243 
2789664089.jpg BMW 5 256 93 385 193 
3089967648.jpg BMW 5 156 180 366 357 
3621549337.jpg BMW 5 120 56 383 301 
4400566703.jpg BMW 5 144 282 237 359 
2725772074.jpg BMW 5 80 220 306 369 
2725772074.jpg BMW 5 118 73 272 187 
2725772074.jpg BMW 5 324 3 484 76 
2725772074.jpg BMW 5 324 111 495 241 
2725772074.jpg BMW 5 349 279 490 372 
2874574766.jpg BMW 5 106 20 496 364 
2978106177.jpg BMW 5 44 40 396 336 
3218275786.jpg BMW 5 92 2 304 298 
4559760305.jpg BMW 5 313 15 486 180 
255547402.jpg BMW 5 259 27 390 127 
3343182248.jpg BMW 5 69 11 429 356 
3369741917.jpg BMW 5 41 135 448 400 
3739623921.jpg BMW 5 43 4 438 398 
4253420625.jpg BMW 5 27 32 477 459 
2237130264.jpg BMW 5 67 54 446 447 
3333221097.jpg BMW 5 111 99 370 355 
3726202356.jpg BMW 5 135 124 321 299 
4329940418.jpg BMW 5 199 20 319 104 
4585454903.jpg BMW 5 174 136 306 257 
185712356.jpg BMW 5 63 78 456 373 
2070616132.jpg BMW 5 81 6 360 270 
3456463952.jpg BMW 5 42 39 315 469 
427128537.jpg BMW 5 143 70 363 258 
4698952282.jpg BMW 5 30 21 197 231 
2790511610.jpg BMW 6 123 71 354 277 
3625726534.jpg BMW 6 59 43 283 266 
3665300694.jpg BMW 6 183 126 342 216 
4435973547.jpg BMW 6 1 1 313 325 
4618294181.jpg BMW 6 167 81 424 290 
2789662807.jpg BMW 6 33 10 114 74 
2789664089.jpg BMW 6 74 122 226 243 
2789664089.jpg BMW 6 256 93 385 193 
3089967648.jpg BMW 6 156 180 366 357 
3621549337.jpg BMW 6 120 56 383 301 
4400566703.jpg BMW 6 144 282 237 359 
2725772074.jpg BMW 6 80 220 306 369 
2725772074.jpg BMW 6 118 73 272 187 
2725772074.jpg BMW 6 324 3 484 76 
2725772074.jpg BMW 6 324 111 495 241 
2725772074.jpg BMW 6 349 279 490 372 
2874574766.jpg BMW 6 106 20 496 364 
2978106177.jpg BMW 6 44 40 396 336 
3218275786.jpg BMW 6 92 2 304 298 
4559760305.jpg BMW 6 313 15 486 180 
255547402.jpg BMW 6 259 27 390 127 
3343182248.jpg BMW 6 69 11 429 356 
3369741917.jpg BMW 6 41 135 448 400 
3739623921.jpg BMW 6 43 4 438 398 
4253420625.jpg BMW 6 27 32 477 459 
2237130264.jpg BMW 6 67 54 446 447 
3333221097.jpg BMW 6 111 99 370 355 
3726202356.jpg BMW 6 135 124 321 299 
4329940418.jpg BMW 6 199 20 319 104 
4585454903.jpg BMW 6 174 136 306 257 
185712356.jpg BMW 6 63 78 456 373 
2070616132.jpg BMW 6 81 6 360 270 
3456463952.jpg BMW 6 42 39 315 469 
427128537.jpg BMW 6 143 70 363 258 
4698952282.jpg BMW 6 30 21 197 231 
2080839955.jpg Citroen 1 56 126 363 367 
2846084211.jpg Citroen 1 143 69 201 117 
3099884211.jpg Citroen 1 132 99 349 269 
3369768399.jpg Citroen 1 111 220 227 369 
3577850173.jpg Citroen 1 16 243 64 276 
3577850173.jpg Citroen 1 17 57 66 107 
3577850173.jpg Citroen 1 24 147 62 181 
3577850173.jpg Citroen 1 98 141 154 187 
3577850173.jpg Citroen 1 102 228 156 278 
3577850173.jpg Citroen 1 113 62 144 88 
3577850173.jpg Citroen 1 193 234 234 272 
3577850173.jpg Citroen 1 196 61 231 98 
3577850173.jpg Citroen 1 203 153 227 171 
3577850173.jpg Citroen 1 274 48 323 94 
3577850173.jpg Citroen 1 274 142 323 188 
3577850173.jpg Citroen 1 284 246 317 276 
3577850173.jpg Citroen 1 358 247 368 259 
3577850173.jpg Citroen 1 365 54 406 96 
3577850173.jpg Citroen 1 451 241 488 269 
3577850173.jpg Citroen 1 452 63 486 95 
2674622648.jpg Citroen 2 169 159 330 280 
3534174626.jpg Citroen 2 252 175 282 193 
4129431162.jpg Citroen 2 110 44 396 310 
4199842585.jpg Citroen 2 131 29 358 268 
4253102363.jpg Citroen 2 28 86 438 389 
4253102363.jpg Citroen 2 82 99 401 311 
2080839955.jpg Citroen 2 56 126 363 367 
2846084211.jpg Citroen 2 143 69 201 117 
3099884211.jpg Citroen 2 132 99 349 269 
3369768399.jpg Citroen 2 111 220 227 369 
3577850173.jpg Citroen 2 16 243 64 276 
3577850173.jpg Citroen 2 17 57 66 107 
3577850173.jpg Citroen 2 24 147 62 181 
3577850173.jpg Citroen 2 98 141 154 187 
3577850173.jpg Citroen 2 102 228 156 278 
3577850173.jpg Citroen 2 113 62 144 88 
3577850173.jpg Citroen 2 193 234 234 272 
3577850173.jpg Citroen 2 196 61 231 98 
3577850173.jpg Citroen 2 203 153 227 171 
3577850173.jpg Citroen 2 274 48 323 94 
3577850173.jpg Citroen 2 274 142 323 188 
3577850173.jpg Citroen 2 284 246 317 276 
3577850173.jpg Citroen 2 358 247 368 259 
3577850173.jpg Citroen 2 365 54 406 96 
3577850173.jpg Citroen 2 451 241 488 269 
3577850173.jpg Citroen 2 452 63 486 95 
108232382.jpg Citroen 3 75 29 426 305 
2950778833.jpg Citroen 3 40 37 440 374 
3256349355.jpg Citroen 3 104 78 345 232 
3256349355.jpg Citroen 3 151 100 375 284 
3415435326.jpg Citroen 3 158 104 331 249 
4233825758.jpg Citroen 3 73 44 462 403 
2674622648.jpg Citroen 3 169 159 330 280 
3534174626.jpg Citroen 3 252 175 282 193 
4129431162.jpg Citroen 3 110 44 396 310 
4199842585.jpg Citroen 3 131 29 358 268 
4253102363.jpg Citroen 3 28 86 438 389 
4253102363.jpg Citroen 3 82 99 401 311 
2080839955.jpg Citroen 3 56 126 363 367 
2846084211.jpg Citroen 3 143 69 201 117 
3099884211.jpg Citroen 3 132 99 349 269 
3369768399.jpg Citroen 3 111 220 227 369 
3577850173.jpg Citroen 3 16 243 64 276 
3577850173.jpg Citroen 3 17 57 66 107 
3577850173.jpg Citroen 3 24 147 62 181 
3577850173.jpg Citroen 3 98 141 154 187 
3577850173.jpg Citroen 3 102 228 156 278 
3577850173.jpg Citroen 3 113 62 144 88 
3577850173.jpg Citroen 3 193 234 234 272 
3577850173.jpg Citroen 3 196 61 231 98 
3577850173.jpg Citroen 3 203 153 227 171 
3577850173.jpg Citroen 3 274 48 323 94 
3577850173.jpg Citroen 3 274 142 323 188 
3577850173.jpg Citroen 3 284 246 317 276 
3577850173.jpg Citroen 3 358 247 368 259 
3577850173.jpg Citroen 3 365 54 406 96 
3577850173.jpg Citroen 3 451 241 488 269 
3577850173.jpg Citroen 3 452 63 486 95 
2445745857.jpg Citroen 4 48 88 201 165 
3382280605.jpg Citroen 4 30 12 454 475 
4226875900.jpg Citroen 4 185 48 404 229 
4226875900.jpg Citroen 4 363 240 430 328 
4370721779.jpg Citroen 4 24 2 301 284 
4449281604.jpg Citroen 4 80 30 395 329 
108232382.jpg Citroen 4 75 29 426 305 
2950778833.jpg Citroen 4 40 37 440 374 
3256349355.jpg Citroen 4 104 78 345 232 
3256349355.jpg Citroen 4 151 100 375 284 
3415435326.jpg Citroen 4 158 104 331 249 
4233825758.jpg Citroen 4 73 44 462 403 
2674622648.jpg Citroen 4 169 159 330 280 
3534174626.jpg Citroen 4 252 175 282 193 
4129431162.jpg Citroen 4 110 44 396 310 
4199842585.jpg Citroen 4 131 29 358 268 
4253102363.jpg Citroen 4 28 86 438 389 
4253102363.jpg Citroen 4 82 99 401 311 
2080839955.jpg Citroen 4 56 126 363 367 
2846084211.jpg Citroen 4 143 69 201 117 
3099884211.jpg Citroen 4 132 99 349 269 
3369768399.jpg Citroen 4 111 220 227 369 
3577850173.jpg Citroen 4 16 243 64 276 
3577850173.jpg Citroen 4 17 57 66 107 
3577850173.jpg Citroen 4 24 147 62 181 
3577850173.jpg Citroen 4 98 141 154 187 
3577850173.jpg Citroen 4 102 228 156 278 
3577850173.jpg Citroen 4 113 62 144 88 
3577850173.jpg Citroen 4 193 234 234 272 
3577850173.jpg Citroen 4 196 61 231 98 
3577850173.jpg Citroen 4 203 153 227 171 
3577850173.jpg Citroen 4 274 48 323 94 
3577850173.jpg Citroen 4 274 142 323 188 
3577850173.jpg Citroen 4 284 246 317 276 
3577850173.jpg Citroen 4 358 247 368 259 
3577850173.jpg Citroen 4 365 54 406 96 
3577850173.jpg Citroen 4 451 241 488 269 
3577850173.jpg Citroen 4 452 63 486 95 
1107796028.jpg Citroen 5 111 250 262 372 
3378307349.jpg Citroen 5 34 22 297 479 
3981421654.jpg Citroen 5 216 37 279 78 
399293334.jpg Citroen 5 38 4 164 126 
4720150629.jpg Citroen 5 89 58 368 229 
2445745857.jpg Citroen 5 48 88 201 165 
3382280605.jpg Citroen 5 30 12 454 475 
4226875900.jpg Citroen 5 185 48 404 229 
4226875900.jpg Citroen 5 363 240 430 328 
4370721779.jpg Citroen 5 24 2 301 284 
4449281604.jpg Citroen 5 80 30 395 329 
108232382.jpg Citroen 5 75 29 426 305 
2950778833.jpg Citroen 5 40 37 440 374 
3256349355.jpg Citroen 5 104 78 345 232 
3256349355.jpg Citroen 5 151 100 375 284 
3415435326.jpg Citroen 5 158 104 331 249 
4233825758.jpg Citroen 5 73 44 462 403 
2674622648.jpg Citroen 5 169 159 330 280 
3534174626.jpg Citroen 5 252 175 282 193 
4129431162.jpg Citroen 5 110 44 396 310 
4199842585.jpg Citroen 5 131 29 358 268 
4253102363.jpg Citroen 5 28 86 438 389 
4253102363.jpg Citroen 5 82 99 401 311 
2080839955.jpg Citroen 5 56 126 363 367 
2846084211.jpg Citroen 5 143 69 201 117 
3099884211.jpg Citroen 5 132 99 349 269 
3369768399.jpg Citroen 5 111 220 227 369 
3577850173.jpg Citroen 5 16 243 64 276 
3577850173.jpg Citroen 5 17 57 66 107 
3577850173.jpg Citroen 5 24 147 62 181 
3577850173.jpg Citroen 5 98 141 154 187 
3577850173.jpg Citroen 5 102 228 156 278 
3577850173.jpg Citroen 5 113 62 144 88 
3577850173.jpg Citroen 5 193 234 234 272 
3577850173.jpg Citroen 5 196 61 231 98 
3577850173.jpg Citroen 5 203 153 227 171 
3577850173.jpg Citroen 5 274 48 323 94 
3577850173.jpg Citroen 5 274 142 323 188 
3577850173.jpg Citroen 5 284 246 317 276 
3577850173.jpg Citroen 5 358 247 368 259 
3577850173.jpg Citroen 5 365 54 406 96 
3577850173.jpg Citroen 5 451 241 488 269 
3577850173.jpg Citroen 5 452 63 486 95 
2121332821.jpg Citroen 6 223 53 456 299 
3259516433.jpg Citroen 6 25 12 195 216 
3259516433.jpg Citroen 6 31 20 185 170 
3259516433.jpg Citroen 6 215 14 479 220 
3259516433.jpg Citroen 6 268 30 435 172 
3386936621.jpg Citroen 6 90 25 257 191 
4743157495.jpg Citroen 6 9 168 187 309 
653466096.jpg Citroen 6 117 97 225 231 
1107796028.jpg Citroen 6 111 250 262 372 
3378307349.jpg Citroen 6 34 22 297 479 
3981421654.jpg Citroen 6 216 37 279 78 
399293334.jpg Citroen 6 38 4 164 126 
4720150629.jpg Citroen 6 89 58 368 229 
2445745857.jpg Citroen 6 48 88 201 165 
3382280605.jpg Citroen 6 30 12 454 475 
4226875900.jpg Citroen 6 185 48 404 229 
4226875900.jpg Citroen 6 363 240 430 328 
4370721779.jpg Citroen 6 24 2 301 284 
4449281604.jpg Citroen 6 80 30 395 329 
108232382.jpg Citroen 6 75 29 426 305 
2950778833.jpg Citroen 6 40 37 440 374 
3256349355.jpg Citroen 6 104 78 345 232 
3256349355.jpg Citroen 6 151 100 375 284 
3415435326.jpg Citroen 6 158 104 331 249 
4233825758.jpg Citroen 6 73 44 462 403 
2674622648.jpg Citroen 6 169 159 330 280 
3534174626.jpg Citroen 6 252 175 282 193 
4129431162.jpg Citroen 6 110 44 396 310 
4199842585.jpg Citroen 6 131 29 358 268 
4253102363.jpg Citroen 6 28 86 438 389 
4253102363.jpg Citroen 6 82 99 401 311 
2080839955.jpg Citroen 6 56 126 363 367 
2846084211.jpg Citroen 6 143 69 201 117 
3099884211.jpg Citroen 6 132 99 349 269 
3369768399.jpg Citroen 6 111 220 227 369 
3577850173.jpg Citroen 6 16 243 64 276 
3577850173.jpg Citroen 6 17 57 66 107 
3577850173.jpg Citroen 6 24 147 62 181 
3577850173.jpg Citroen 6 98 141 154 187 
3577850173.jpg Citroen 6 102 228 156 278 
3577850173.jpg Citroen 6 113 62 144 88 
3577850173.jpg Citroen 6 193 234 234 272 
3577850173.jpg Citroen 6 196 61 231 98 
3577850173.jpg Citroen 6 203 153 227 171 
3577850173.jpg Citroen 6 274 48 323 94 
3577850173.jpg Citroen 6 274 142 323 188 
3577850173.jpg Citroen 6 284 246 317 276 
3577850173.jpg Citroen 6 358 247 368 259 
3577850173.jpg Citroen 6 365 54 406 96 
3577850173.jpg Citroen 6 451 241 488 269 
3577850173.jpg Citroen 6 452 63 486 95 
1224628248.jpg Ferrari 1 140 36 414 327
3206116179.jpg Ferrari 1 144 41 365 311 
3300554626.jpg Ferrari 1 106 9 385 328 
3571544780.jpg Ferrari 1 72 17 442 372 
43671206.jpg Ferrari 1 89 146 223 323 
2201490255.jpg Ferrari 2 65 70 347 426 
3055058872.jpg Ferrari 2 153 67 358 347 
3455836079.jpg Ferrari 2 101 195 216 304 
4621612035.jpg Ferrari 2 22 19 294 475 
4758382348.jpg Ferrari 2 9 23 473 430 
1224628248.jpg Ferrari 2 140 36 414 327 
3206116179.jpg Ferrari 2 144 41 365 311 
3300554626.jpg Ferrari 2 106 9 385 328 
3571544780.jpg Ferrari 2 72 17 442 372 
43671206.jpg Ferrari 2 89 146 223 323 
3270796445.jpg Ferrari 3 147 80 353 318 
3792061769.jpg Ferrari 3 62 24 426 486 
3979038472.jpg Ferrari 3 215 317 316 372 
4449683069.jpg Ferrari 3 114 35 359 342 
788959598.jpg Ferrari 3 118 255 260 407 
2201490255.jpg Ferrari 3 65 70 347 426 
3055058872.jpg Ferrari 3 153 67 358 347 
3455836079.jpg Ferrari 3 101 195 216 304 
4621612035.jpg Ferrari 3 22 19 294 475 
4758382348.jpg Ferrari 3 9 23 473 430 
1224628248.jpg Ferrari 3 140 36 414 327 
3206116179.jpg Ferrari 3 144 41 365 311 
3300554626.jpg Ferrari 3 106 9 385 328 
3571544780.jpg Ferrari 3 72 17 442 372 
43671206.jpg Ferrari 3 89 146 223 323 
3016882365.jpg Ferrari 4 56 128 239 338 
4115509028.jpg Ferrari 4 211 207 268 253 
456474304.jpg Ferrari 4 116 5 425 348 
4578493801.jpg Ferrari 4 112 283 284 433 
513227877.jpg Ferrari 4 138 92 361 306 
3270796445.jpg Ferrari 4 147 80 353 318 
3792061769.jpg Ferrari 4 62 24 426 486 
3979038472.jpg Ferrari 4 215 317 316 372 
4449683069.jpg Ferrari 4 114 35 359 342 
788959598.jpg Ferrari 4 118 255 260 407 
2201490255.jpg Ferrari 4 65 70 347 426 
3055058872.jpg Ferrari 4 153 67 358 347 
3455836079.jpg Ferrari 4 101 195 216 304 
4621612035.jpg Ferrari 4 22 19 294 475 
4758382348.jpg Ferrari 4 9 23 473 430 
1224628248.jpg Ferrari 4 140 36 414 327 
3206116179.jpg Ferrari 4 144 41 365 311 
3300554626.jpg Ferrari 4 106 9 385 328 
3571544780.jpg Ferrari 4 72 17 442 372 
43671206.jpg Ferrari 4 89 146 223 323 
1224626332.jpg Ferrari 5 64 74 293 385 
165133120.jpg Ferrari 5 10 31 428 495 
3645362205.jpg Ferrari 5 23 2 74 70 
4581405295.jpg Ferrari 5 131 318 315 475 
4752700666.jpg Ferrari 5 87 318 185 429 
3016882365.jpg Ferrari 5 56 128 239 338 
4115509028.jpg Ferrari 5 211 207 268 253 
456474304.jpg Ferrari 5 116 5 425 348 
4578493801.jpg Ferrari 5 112 283 284 433 
513227877.jpg Ferrari 5 138 92 361 306 
3270796445.jpg Ferrari 5 147 80 353 318 
3792061769.jpg Ferrari 5 62 24 426 486 
3979038472.jpg Ferrari 5 215 317 316 372 
4449683069.jpg Ferrari 5 114 35 359 342 
788959598.jpg Ferrari 5 118 255 260 407 
2201490255.jpg Ferrari 5 65 70 347 426 
3055058872.jpg Ferrari 5 153 67 358 347 
3455836079.jpg Ferrari 5 101 195 216 304 
4621612035.jpg Ferrari 5 22 19 294 475 
4758382348.jpg Ferrari 5 9 23 473 430 
1224628248.jpg Ferrari 5 140 36 414 327 
3206116179.jpg Ferrari 5 144 41 365 311 
3300554626.jpg Ferrari 5 106 9 385 328 
3571544780.jpg Ferrari 5 72 17 442 372 
43671206.jpg Ferrari 5 89 146 223 323 
2445982293.jpg Ferrari 6 176 3 414 308 
2519143928.jpg Ferrari 6 167 97 318 299 
3299731311.jpg Ferrari 6 52 10 348 301 
3394794243.jpg Ferrari 6 2 3 307 494 
3967091276.jpg Ferrari 6 22 38 296 455 
1224626332.jpg Ferrari 6 64 74 293 385 
165133120.jpg Ferrari 6 10 31 428 495 
3645362205.jpg Ferrari 6 23 2 74 70 
4581405295.jpg Ferrari 6 131 318 315 475 
4752700666.jpg Ferrari 6 87 318 185 429 
3016882365.jpg Ferrari 6 56 128 239 338 
4115509028.jpg Ferrari 6 211 207 268 253 
456474304.jpg Ferrari 6 116 5 425 348 
4578493801.jpg Ferrari 6 112 283 284 433 
513227877.jpg Ferrari 6 138 92 361 306 
3270796445.jpg Ferrari 6 147 80 353 318 
3792061769.jpg Ferrari 6 62 24 426 486 
3979038472.jpg Ferrari 6 215 317 316 372 
4449683069.jpg Ferrari 6 114 35 359 342 
788959598.jpg Ferrari 6 118 255 260 407 
2201490255.jpg Ferrari 6 65 70 347 426 
3055058872.jpg Ferrari 6 153 67 358 347 
3455836079.jpg Ferrari 6 101 195 216 304 
4621612035.jpg Ferrari 6 22 19 294 475 
4758382348.jpg Ferrari 6 9 23 473 430 
1224628248.jpg Ferrari 6 140 36 414 327 
3206116179.jpg Ferrari 6 144 41 365 311 
3300554626.jpg Ferrari 6 106 9 385 328 
3571544780.jpg Ferrari 6 72 17 442 372 
43671206.jpg Ferrari 6 89 146 223 323 
165691999.jpg Ford 1 137 67 417 277 
224886291.jpg Ford 1 35 103 463 267 
2938879364.jpg Ford 1 82 127 392 264 
3321350768.jpg Ford 1 26 75 481 268 
4219499614.jpg Ford 1 44 125 407 285 
2228221904.jpg Ford 2 52 83 410 232 
2485974348.jpg Ford 2 13 107 491 285 
3324939734.jpg Ford 2 1 26 147 113 
3324939734.jpg Ford 2 3 123 144 220 
3324939734.jpg Ford 2 133 107 319 263 
3324939734.jpg Ford 2 149 30 304 120 
3324939734.jpg Ford 2 301 165 498 249 
3324939734.jpg Ford 2 307 100 498 167 
4218732095.jpg Ford 2 113 142 484 278 
4280085481.jpg Ford 2 217 153 278 182 
165691999.jpg Ford 2 137 67 417 277 
224886291.jpg Ford 2 35 103 463 267 
2938879364.jpg Ford 2 82 127 392 264 
3321350768.jpg Ford 2 26 75 481 268 
4219499614.jpg Ford 2 44 125 407 285 
255740214.jpg Ford 3 17 104 474 281 
2938026725.jpg Ford 3 174 158 283 220 
3514397412.jpg Ford 3 8 7 496 303 
4253115679.jpg Ford 3 33 169 459 333 
4422086623.jpg Ford 3 61 60 440 215 
2228221904.jpg Ford 3 52 83 410 232 
2485974348.jpg Ford 3 13 107 491 285 
3324939734.jpg Ford 3 1 26 147 113 
3324939734.jpg Ford 3 3 123 144 220 
3324939734.jpg Ford 3 133 107 319 263 
3324939734.jpg Ford 3 149 30 304 120 
3324939734.jpg Ford 3 301 165 498 249 
3324939734.jpg Ford 3 307 100 498 167 
4218732095.jpg Ford 3 113 142 484 278 
4280085481.jpg Ford 3 217 153 278 182 
165691999.jpg Ford 3 137 67 417 277 
224886291.jpg Ford 3 35 103 463 267 
2938879364.jpg Ford 3 82 127 392 264 
3321350768.jpg Ford 3 26 75 481 268 
4219499614.jpg Ford 3 44 125 407 285 
3311766713.jpg Ford 4 32 99 484 266 
3350050876.jpg Ford 4 2 172 496 325 
4219499546.jpg Ford 4 105 225 320 315 
4384704926.jpg Ford 4 77 144 378 264 
4417603925.jpg Ford 4 153 193 272 246 
255740214.jpg Ford 4 17 104 474 281 
2938026725.jpg Ford 4 174 158 283 220 
3514397412.jpg Ford 4 8 7 496 303 
4253115679.jpg Ford 4 33 169 459 333 
4422086623.jpg Ford 4 61 60 440 215 
2228221904.jpg Ford 4 52 83 410 232 
2485974348.jpg Ford 4 13 107 491 285 
3324939734.jpg Ford 4 1 26 147 113 
3324939734.jpg Ford 4 3 123 144 220 
3324939734.jpg Ford 4 133 107 319 263 
3324939734.jpg Ford 4 149 30 304 120 
3324939734.jpg Ford 4 301 165 498 249 
3324939734.jpg Ford 4 307 100 498 167 
4218732095.jpg Ford 4 113 142 484 278 
4280085481.jpg Ford 4 217 153 278 182 
165691999.jpg Ford 4 137 67 417 277 
224886291.jpg Ford 4 35 103 463 267 
2938879364.jpg Ford 4 82 127 392 264 
3321350768.jpg Ford 4 26 75 481 268 
4219499614.jpg Ford 4 44 125 407 285 
1201452086.jpg Ford 5 172 213 290 310 
3745298879.jpg Ford 5 27 123 456 288 
4218731913.jpg Ford 5 117 218 245 286 
744776649.jpg Ford 5 24 87 355 272 
879397507.jpg Ford 5 49 106 159 162 
3311766713.jpg Ford 5 32 99 484 266 
3350050876.jpg Ford 5 2 172 496 325 
4219499546.jpg Ford 5 105 225 320 315 
4384704926.jpg Ford 5 77 144 378 264 
4417603925.jpg Ford 5 153 193 272 246 
255740214.jpg Ford 5 17 104 474 281 
2938026725.jpg Ford 5 174 158 283 220 
3514397412.jpg Ford 5 8 7 496 303 
4253115679.jpg Ford 5 33 169 459 333 
4422086623.jpg Ford 5 61 60 440 215 
2228221904.jpg Ford 5 52 83 410 232 
2485974348.jpg Ford 5 13 107 491 285 
3324939734.jpg Ford 5 1 26 147 113 
3324939734.jpg Ford 5 3 123 144 220 
3324939734.jpg Ford 5 133 107 319 263 
3324939734.jpg Ford 5 149 30 304 120 
3324939734.jpg Ford 5 301 165 498 249 
3324939734.jpg Ford 5 307 100 498 167 
4218732095.jpg Ford 5 113 142 484 278 
4280085481.jpg Ford 5 217 153 278 182 
165691999.jpg Ford 5 137 67 417 277 
224886291.jpg Ford 5 35 103 463 267 
2938879364.jpg Ford 5 82 127 392 264 
3321350768.jpg Ford 5 26 75 481 268 
4219499614.jpg Ford 5 44 125 407 285 
2514607078.jpg Ford 6 120 95 375 211 
2514607078.jpg Ford 6 388 256 479 301 
3321350350.jpg Ford 6 118 56 466 298 
3846421099.jpg Ford 6 86 60 413 191 
2463217235.jpg Ford 6 275 127 431 200 
4788413611.jpg Ford 6 197 84 240 118 
1201452086.jpg Ford 6 172 213 290 310 
3745298879.jpg Ford 6 27 123 456 288 
4218731913.jpg Ford 6 117 218 245 286 
744776649.jpg Ford 6 24 87 355 272 
879397507.jpg Ford 6 49 106 159 162 
3311766713.jpg Ford 6 32 99 484 266 
3350050876.jpg Ford 6 2 172 496 325 
4219499546.jpg Ford 6 105 225 320 315 
4384704926.jpg Ford 6 77 144 378 264 
4417603925.jpg Ford 6 153 193 272 246 
255740214.jpg Ford 6 17 104 474 281 
2938026725.jpg Ford 6 174 158 283 220 
3514397412.jpg Ford 6 8 7 496 303 
4253115679.jpg Ford 6 33 169 459 333 
4422086623.jpg Ford 6 61 60 440 215 
2228221904.jpg Ford 6 52 83 410 232 
2485974348.jpg Ford 6 13 107 491 285 
3324939734.jpg Ford 6 1 26 147 113 
3324939734.jpg Ford 6 3 123 144 220 
3324939734.jpg Ford 6 133 107 319 263 
3324939734.jpg Ford 6 149 30 304 120 
3324939734.jpg Ford 6 301 165 498 249 
3324939734.jpg Ford 6 307 100 498 167 
4218732095.jpg Ford 6 113 142 484 278 
4280085481.jpg Ford 6 217 153 278 182 
165691999.jpg Ford 6 137 67 417 277 
224886291.jpg Ford 6 35 103 463 267 
2938879364.jpg Ford 6 82 127 392 264 
3321350768.jpg Ford 6 26 75 481 268 
4219499614.jpg Ford 6 44 125 407 285 
1381841108.jpg Mini 1 136 100 294 161
1408921955.jpg Mini 1 44 117 460 304 
2792546855.jpg Mini 1 3 64 495 268 
2865521932.jpg Mini 1 25 30 411 231 
4505787674.jpg Mini 1 3 20 294 146 
202435355.jpg Mini 2 56 69 410 241 
2958187326.jpg Mini 2 58 38 435 206 
3320880343.jpg Mini 2 154 176 284 246 
3528741517.jpg Mini 2 68 20 389 297 
427097328.jpg Mini 2 128 122 358 215 
1381841108.jpg Mini 2 136 100 294 161 
1408921955.jpg Mini 2 44 117 460 304 
2792546855.jpg Mini 2 3 64 495 268 
2865521932.jpg Mini 2 25 30 411 231 
4505787674.jpg Mini 2 3 20 294 146 
117933049.jpg Mini 3 4 23 273 207 
3579477706.jpg Mini 3 4 91 469 337 
4254091188.jpg Mini 3 15 152 479 353 
4443388098.jpg Mini 3 57 66 435 220 
455131100.jpg Mini 3 78 83 405 218 
202435355.jpg Mini 3 56 69 410 241 
2958187326.jpg Mini 3 58 38 435 206 
3320880343.jpg Mini 3 154 176 284 246 
3528741517.jpg Mini 3 68 20 389 297 
427097328.jpg Mini 3 128 122 358 215 
1381841108.jpg Mini 3 136 100 294 161 
1408921955.jpg Mini 3 44 117 460 304 
2792546855.jpg Mini 3 3 64 495 268 
2865521932.jpg Mini 3 25 30 411 231 
4505787674.jpg Mini 3 3 20 294 146 
18581717.jpg Mini 4 2 10 494 336 
2224243813.jpg Mini 4 29 13 486 306 
3320878793.jpg Mini 4 203 231 354 294 
4064818171.jpg Mini 4 54 6 469 277 
43608011.jpg Mini 4 18 13 110 56 
117933049.jpg Mini 4 4 23 273 207 
3579477706.jpg Mini 4 4 91 469 337 
4254091188.jpg Mini 4 15 152 479 353 
4443388098.jpg Mini 4 57 66 435 220 
455131100.jpg Mini 4 78 83 405 218 
202435355.jpg Mini 4 56 69 410 241 
2958187326.jpg Mini 4 58 38 435 206 
3320880343.jpg Mini 4 154 176 284 246 
3528741517.jpg Mini 4 68 20 389 297 
427097328.jpg Mini 4 128 122 358 215 
1381841108.jpg Mini 4 136 100 294 161 
1408921955.jpg Mini 4 44 117 460 304 
2792546855.jpg Mini 4 3 64 495 268 
2865521932.jpg Mini 4 25 30 411 231 
4505787674.jpg Mini 4 3 20 294 146 
108232417.jpg Mini 5 109 84 414 219 
109950015.jpg Mini 5 18 12 480 290 
123937306.jpg Mini 5 5 4 491 208 
3323870855.jpg Mini 5 42 88 405 264 
4002343429.jpg Mini 5 179 74 363 248 
18581717.jpg Mini 5 2 10 494 336 
2224243813.jpg Mini 5 29 13 486 306 
3320878793.jpg Mini 5 203 231 354 294 
4064818171.jpg Mini 5 54 6 469 277 
43608011.jpg Mini 5 18 13 110 56 
117933049.jpg Mini 5 4 23 273 207 
3579477706.jpg Mini 5 4 91 469 337 
4254091188.jpg Mini 5 15 152 479 353 
4443388098.jpg Mini 5 57 66 435 220 
455131100.jpg Mini 5 78 83 405 218 
202435355.jpg Mini 5 56 69 410 241 
2958187326.jpg Mini 5 58 38 435 206 
3320880343.jpg Mini 5 154 176 284 246 
3528741517.jpg Mini 5 68 20 389 297 
427097328.jpg Mini 5 128 122 358 215 
1381841108.jpg Mini 5 136 100 294 161 
1408921955.jpg Mini 5 44 117 460 304 
2792546855.jpg Mini 5 3 64 495 268 
2865521932.jpg Mini 5 25 30 411 231 
4505787674.jpg Mini 5 3 20 294 146 
250858537.jpg Mini 6 2 81 492 302 
2516793607.jpg Mini 6 307 146 468 208 
3284636128.jpg Mini 6 406 106 450 125 
3405883135.jpg Mini 6 105 211 401 339 
427099501.jpg Mini 6 39 66 470 260 
108232417.jpg Mini 6 109 84 414 219 
109950015.jpg Mini 6 18 12 480 290 
123937306.jpg Mini 6 5 4 491 208 
3323870855.jpg Mini 6 42 88 405 264 
4002343429.jpg Mini 6 179 74 363 248 
18581717.jpg Mini 6 2 10 494 336 
2224243813.jpg Mini 6 29 13 486 306 
3320878793.jpg Mini 6 203 231 354 294 
4064818171.jpg Mini 6 54 6 469 277 
43608011.jpg Mini 6 18 13 110 56 
117933049.jpg Mini 6 4 23 273 207 
3579477706.jpg Mini 6 4 91 469 337 
4254091188.jpg Mini 6 15 152 479 353 
4443388098.jpg Mini 6 57 66 435 220 
455131100.jpg Mini 6 78 83 405 218 
202435355.jpg Mini 6 56 69 410 241 
2958187326.jpg Mini 6 58 38 435 206 
3320880343.jpg Mini 6 154 176 284 246 
3528741517.jpg Mini 6 68 20 389 297 
427097328.jpg Mini 6 128 122 358 215 
1381841108.jpg Mini 6 136 100 294 161 
1408921955.jpg Mini 6 44 117 460 304 
2792546855.jpg Mini 6 3 64 495 268 
2865521932.jpg Mini 6 25 30 411 231 
4505787674.jpg Mini 6 3 20 294 146 
2795207851.jpg Porsche 1 117 164 281 359
3301525494.jpg Porsche 1 90 30 428 362 
4315831502.jpg Porsche 1 52 149 274 397 
4472726837.jpg Porsche 1 70 46 437 368 
4491308340.jpg Porsche 1 97 3 203 117 
4077900663.jpg Porsche 2 95 161 260 381 
4507852944.jpg Porsche 2 95 3 212 118 
452091543.jpg Porsche 2 90 94 170 176 
4598657721.jpg Porsche 2 56 45 408 339 
538649986.jpg Porsche 2 66 168 317 365 
2795207851.jpg Porsche 2 117 164 281 359 
3301525494.jpg Porsche 2 90 30 428 362 
4315831502.jpg Porsche 2 52 149 274 397 
4472726837.jpg Porsche 2 70 46 437 368 
4491308340.jpg Porsche 2 97 3 203 117 
1402065041.jpg Porsche 3 205 182 330 292 
1690276845.jpg Porsche 3 181 113 323 271 
4213412628.jpg Porsche 3 170 166 312 337 
4506432358.jpg Porsche 3 102 2 200 116 
4537970631.jpg Porsche 3 91 18 205 156 
4077900663.jpg Porsche 3 95 161 260 381 
4507852944.jpg Porsche 3 95 3 212 118 
452091543.jpg Porsche 3 90 94 170 176 
4598657721.jpg Porsche 3 56 45 408 339 
538649986.jpg Porsche 3 66 168 317 365 
2795207851.jpg Porsche 3 117 164 281 359 
3301525494.jpg Porsche 3 90 30 428 362 
4315831502.jpg Porsche 3 52 149 274 397 
4472726837.jpg Porsche 3 70 46 437 368 
4491308340.jpg Porsche 3 97 3 203 117 
3334662226.jpg Porsche 4 18 36 348 470 
3429181479.jpg Porsche 4 112 211 270 372 
3547613093.jpg Porsche 4 8 121 71 194 
3547613093.jpg Porsche 4 9 5 96 115 
3547613093.jpg Porsche 4 79 98 119 143 
3547613093.jpg Porsche 4 81 149 118 191 
3547613093.jpg Porsche 4 104 4 189 113 
3547613093.jpg Porsche 4 127 118 188 196 
4185417313.jpg Porsche 4 226 95 403 285 
4208076672.jpg Porsche 4 5 4 296 361 
1402065041.jpg Porsche 4 205 182 330 292 
1690276845.jpg Porsche 4 181 113 323 271 
4213412628.jpg Porsche 4 170 166 312 337 
4506432358.jpg Porsche 4 102 2 200 116 
4537970631.jpg Porsche 4 91 18 205 156 
4077900663.jpg Porsche 4 95 161 260 381 
4507852944.jpg Porsche 4 95 3 212 118 
452091543.jpg Porsche 4 90 94 170 176 
4598657721.jpg Porsche 4 56 45 408 339 
538649986.jpg Porsche 4 66 168 317 365 
2795207851.jpg Porsche 4 117 164 281 359 
3301525494.jpg Porsche 4 90 30 428 362 
4315831502.jpg Porsche 4 52 149 274 397 
4472726837.jpg Porsche 4 70 46 437 368 
4491308340.jpg Porsche 4 97 3 203 117 
3153892834.jpg Porsche 5 153 178 433 409 
3424492874.jpg Porsche 5 184 191 316 323 
4206331221.jpg Porsche 5 187 27 388 279 
4426526983.jpg Porsche 5 128 3 387 313 
98498585.jpg Porsche 5 133 72 382 322 
3334662226.jpg Porsche 5 18 36 348 470 
3429181479.jpg Porsche 5 112 211 270 372 
3547613093.jpg Porsche 5 8 121 71 194 
3547613093.jpg Porsche 5 9 5 96 115 
3547613093.jpg Porsche 5 79 98 119 143 
3547613093.jpg Porsche 5 81 149 118 191 
3547613093.jpg Porsche 5 104 4 189 113 
3547613093.jpg Porsche 5 127 118 188 196 
4185417313.jpg Porsche 5 226 95 403 285 
4208076672.jpg Porsche 5 5 4 296 361 
1402065041.jpg Porsche 5 205 182 330 292 
1690276845.jpg Porsche 5 181 113 323 271 
4213412628.jpg Porsche 5 170 166 312 337 
4506432358.jpg Porsche 5 102 2 200 116 
4537970631.jpg Porsche 5 91 18 205 156 
4077900663.jpg Porsche 5 95 161 260 381 
4507852944.jpg Porsche 5 95 3 212 118 
452091543.jpg Porsche 5 90 94 170 176 
4598657721.jpg Porsche 5 56 45 408 339 
538649986.jpg Porsche 5 66 168 317 365 
2795207851.jpg Porsche 5 117 164 281 359 
3301525494.jpg Porsche 5 90 30 428 362 
4315831502.jpg Porsche 5 52 149 274 397 
4472726837.jpg Porsche 5 70 46 437 368 
4491308340.jpg Porsche 5 97 3 203 117 
1639660678.jpg Porsche 6 263 72 407 262 
3563528611.jpg Porsche 6 46 8 433 321 
360966316.jpg Porsche 6 14 46 352 462 
4534861651.jpg Porsche 6 160 13 291 165 
4537956983.jpg Porsche 6 155 14 278 158 
3153892834.jpg Porsche 6 153 178 433 409 
3424492874.jpg Porsche 6 184 191 316 323 
4206331221.jpg Porsche 6 187 27 388 279 
4426526983.jpg Porsche 6 128 3 387 313 
98498585.jpg Porsche 6 133 72 382 322 
3334662226.jpg Porsche 6 18 36 348 470 
3429181479.jpg Porsche 6 112 211 270 372 
3547613093.jpg Porsche 6 8 121 71 194 
3547613093.jpg Porsche 6 9 5 96 115 
3547613093.jpg Porsche 6 79 98 119 143 
3547613093.jpg Porsche 6 81 149 118 191 
3547613093.jpg Porsche 6 104 4 189 113 
3547613093.jpg Porsche 6 127 118 188 196 
4185417313.jpg Porsche 6 226 95 403 285 
4208076672.jpg Porsche 6 5 4 296 361 
1402065041.jpg Porsche 6 205 182 330 292 
1690276845.jpg Porsche 6 181 113 323 271 
4213412628.jpg Porsche 6 170 166 312 337 
4506432358.jpg Porsche 6 102 2 200 116 
4537970631.jpg Porsche 6 91 18 205 156 
4077900663.jpg Porsche 6 95 161 260 381 
4507852944.jpg Porsche 6 95 3 212 118 
452091543.jpg Porsche 6 90 94 170 176 
4598657721.jpg Porsche 6 56 45 408 339 
538649986.jpg Porsche 6 66 168 317 365 
2795207851.jpg Porsche 6 117 164 281 359 
3301525494.jpg Porsche 6 90 30 428 362 
4315831502.jpg Porsche 6 52 149 274 397 
4472726837.jpg Porsche 6 70 46 437 368 
4491308340.jpg Porsche 6 97 3 203 117